0   0.185532
1   0.13209684
2   0.091833904
3   0.08496212
4   0.08267474
5   0.08027775
6   0.07877259
7   0.07630033
9   0.07397223
10   0.072116695
12   0.06910754
13   0.06644517
14   0.065204844
15   0.063768715
16   0.061121758
17   0.05811715
18   0.05630788
19   0.05526275
20   0.051889542
21   0.04910234
23   0.043874875
25   0.038222324
27   0.035568703
28   0.03427986
29   0.032921106
30   0.02950585
32   0.02537046
35   0.022841265
38   0.021445189
39   0.01931088
41   0.017571457
45   0.015958298
51   0.014200797
53   0.012863226
60   0.011765564
69   0.010637449
78   0.009590695
86   0.008521988
103   0.007222569
127   0.0061918194
